['60_students/m_students.txt', '7:30', '21:55', '50']
--------CROWDED EDGES--------
722722002 6
152169589 4
721202195 4
152169540 3
152173965 3
418408233 3
167402604 3
143342006 3
721202200 3
418408259 3
151184876 3
153121930 3
152169576 3
151184842 2
17558874 2
151183975 2
152173967 2
152173976 2
152173980 2
680369133 2
152169542 2
152169612 2
721202194 2
167402568 2
43667477 2
152173958 2
43667438 2
137776166 2
726181175 2
152173974 2
151183987 2
151183991 2
151184880 2
151183990 2
151184832 2
152169635 2
167402569 2
726181174 2
593823824 2
354395674 2
720982704 2
713728328 2
152168340 1
153117735 1
152168312 1
152168339 1
167402567 1
151184843 1
17537567 1
152169531 1
--------TIME--------
start: 2021-04-24 20:55:01.608763
end: 2021-04-24 21:12:18.833535
timedelta: 0:17:17.224772
