['120_students/t_students.txt', '7:00', '22:00', '50']
--------CROWDED EDGES--------
722722002 13
721202195 10
152169589 9
152173980 7
721202200 5
167402604 5
17558874 5
721202199 5
418408233 4
721202194 4
418408259 4
151184843 4
151183991 4
151184842 4
162046254 4
151183954 4
151183975 4
151184846 4
162046252 4
167402567 4
167402606 4
152173965 3
151184825 3
153124522 3
152173958 3
314294738 3
680369139 3
151184851 3
43667493 3
139943713 3
43667574 3
152169656 3
151183979 3
153117565 3
152169542 3
152168312 3
167402568 3
143342006 3
726163741 3
152169540 2
139944224 2
726181130 2
773087597 2
680369133 2
680369130 2
151184859 2
151184877 2
237462367 2
152169607 2
43667477 2
--------TIME--------
start: 2021-04-24 20:55:01.501470
end: 2021-04-24 21:24:58.770195
timedelta: 0:29:57.268725
