['12_students/m_students.txt', '7:30', '21:30', '50']
--------CROWDED EDGES--------
722722002 2
680369139 1
151183973 1
151184846 1
151183991 1
167402604 1
152173964 1
152169636 1
152169542 1
17540347 1
680369130 1
17558874 1
151183975 1
314294738 1
152169612 1
167402598 1
152173980 1
152169586 1
151184876 1
153121930 1
152169576 1
152169540 1
152173965 1
418408233 1
143342006 1
721202200 1
721202194 1
773087597 1
151183982 1
151183990 1
152170429 1
167402586 1
167402569 1
151184859 1
726163741 1
721202199 1
151184877 1
151183979 1
237462367 1
167402568 1
43667477 1
152169607 1
152169589 1
418408259 1
721202195 1
151183963 1
775141614 1
153117641 1
43667438 1
151183957 1
--------TIME--------
start: 2021-04-24 20:55:01.323292
end: 2021-04-24 21:00:00.108558
timedelta: 0:04:58.785266
