['12_students/r_students.txt', '7:30', '21:30', '50']
--------CROWDED EDGES--------
722722002 5
167402604 3
721202194 3
680369139 2
152169589 2
721202195 2
151184859 2
151184877 2
151183979 2
152173980 2
237462367 2
152169607 2
721202200 2
151183982 1
151184876 1
151183990 1
153121930 1
152170429 1
167402586 1
167402569 1
152169576 1
152169542 1
152169540 1
773087597 1
152173965 1
418408233 1
152168312 1
167402568 1
153124523 1
151183973 1
152169531 1
153117569 1
151184879 1
151184843 1
151184846 1
151183960 1
151184842 1
151183991 1
680369134 1
43667477 1
151183962 1
162046253 1
680369133 1
418408259 1
151183961 1
152173967 1
153124525 1
17540347 1
680369130 1
152169636 1
--------TIME--------
start: 2021-04-24 20:55:01.574239
end: 2021-04-24 21:00:17.065436
timedelta: 0:05:15.491197
